[[77.24, 92.734, 16.708],
 [77.257, 92.754, 16.707],
 [77.274, 92.772, 16.706],
 [77.289, 92.789, 16.705],
 [77.303, 92.806, 16.705],
 [77.316, 92.821, 16.704],
 [77.329, 92.835, 16.703],
 [77.341, 92.849, 16.703],
 [77.352, 92.861, 16.702],
 [77.362, 92.873, 16.701],
 [77.372, 92.885, 16.701],
 [77.381, 92.895, 16.7],
 [77.39, 92.906, 16.7],
 [77.399, 92.915, 16.7],
 [77.407, 92.924, 16.699],
 [77.414, 92.933, 16.699],
 [77.421, 92.941, 16.698],
 [77.428, 92.949, 16.698],
 [77.435, 92.956, 16.698],
 [77.441, 92.963, 16.697],
 [77.447, 92.97, 16.697]]