     Layout_x    Layout_y
0    0.000000    0.000000
2  476.234960  212.487588
4  594.412599  149.801143
5  534.488103  600.532203
6  149.502158  600.532203
7  132.391363  282.712779
     Layout_x    Layout_y
0    0.000000    0.000000
1  197.284423  354.818476
2  197.284423  175.121025
4  574.559220  149.801143
5  372.327192  553.456330
6  136.792911  617.188930
7  136.792911  617.188930
     Layout_x    Layout_y
0    0.000000    0.000000
2  245.422294  354.818476
3  130.048568  546.068350
4  625.326449  149.801143
5  534.488103  264.587506
6  310.708201  600.532203
7  310.708201  600.532203
