     Layout_x    Layout_y
0    0.000000    0.000000
1  166.530577  612.237822
3  521.063282  252.810999
4  148.454696  354.139971
5  208.684566  133.589492
6  599.513387  133.589492
7  599.513387  133.589492
     Layout_x    Layout_y
0    0.000000    0.000000
1  239.435777  585.368022
3  343.259480  169.651341
4  156.667781  405.874075
5  156.667781  405.874075
6  627.293008  133.589492
7  627.293008  133.589492
     Layout_x    Layout_y
0    0.000000    0.000000
1  183.635486  612.237822
2  385.149704  571.650959
4  588.110039  133.589492
5  588.110039  133.589492
6  386.339708  133.589492
7  325.708521  356.710015
