p_w_wake = [14.045,
 15.1,
 16.184,
 17.315,
 18.459,
 19.647,
 20.861,
 22.122,
 23.405,
 24.7,
 26.027,
 27.404,
 28.823,
 30.259,
 31.714,
 33.256,
 34.772,
 36.315,
 37.914,
 39.504,
 41.147,
 42.838,
 44.411,
 46.098,
 47.721,
 49.49,
 51.201,
 53.055,
 54.892,
 56.769,
 58.659,
 60.57,
 62.505,
 64.513,
 66.464,
 68.292,
 70.404,
 72.424]

 p_without_wake = [14.906,
 16.073,
 17.284,
 18.539,
 19.838,
 21.18,
 22.566,
 23.995,
 25.468,
 26.985,
 28.546,
 30.149,
 31.797,
 33.488,
 35.222,
 36.999,
 38.82,
 40.684,
 42.592,
 44.542,
 46.536,
 48.573,
 50.653,
 52.776,
 54.941,
 57.15,
 59.402,
 61.696,
 64.033,
 66.413,
 68.835,
 71.3,
 73.807,
 76.357,
 78.949,
 81.583,
 84.259,
 86.978]

 p_loss = [5.781,
 6.057,
 6.365,
 6.601,
 6.949,
 7.238,
 7.557,
 7.806,
 8.101,
 8.469,
 8.821,
 9.105,
 9.353,
 9.64,
 9.959,
 10.118,
 10.428,
 10.739,
 10.983,
 11.31,
 11.58,
 11.807,
 12.323,
 12.653,
 13.142,
 13.403,
 13.806,
 14.006,
 14.276,
 14.521,
 14.782,
 15.048,
 15.313,
 15.51,
 15.814,
 16.291,
 16.443,
 16.733]