p_w_wake = [77.289,
 81.473,
 85.136,
 88.8,
 92.422,
 95.981,
 99.376,
 102.917,
 106.622,
 109.346,
 112.673,
 115.963,
 119.048,
 122.567,
 125.698,
 128.533,
 130.282,
 133.207,
 135.408,
 137.691,
 139.774,
 140.314,
 141.841,
 144.403,
 146.695,
 149.44,
 152.918,
 156.34,
 158.821,
 161.04,
 164.897,
 168.471,
 171.893,
 176.25,
 179.917,
 183.786,
 187.657,
 191.072]

 p_without_wake = [92.789,
 100.03,
 107.539,
 115.315,
 123.357,
 131.665,
 140.238,
 149.075,
 158.176,
 167.539,
 177.164,
 187.05,
 197.195,
 207.599,
 218.26,
 229.178,
 240.351,
 251.779,
 263.458,
 275.39,
 287.571,
 300.0,
 312.676,
 325.598,
 338.763,
 352.169,
 365.815,
 379.698,
 393.817,
 408.169,
 422.752,
 437.562,
 452.599,
 467.858,
 483.336,
 499.031,
 514.939,
 531.056]

 p_loss = [16.705,
 18.552,
 20.832,
 22.993,
 25.077,
 27.102,
 29.137,
 30.963,
 32.593,
 34.734,
 36.402,
 38.004,
 39.629,
 40.96,
 42.409,
 43.916,
 45.795,
 47.094,
 48.604,
 50.002,
 51.395,
 53.229,
 54.636,
 55.65,
 56.697,
 57.566,
 58.198,
 58.825,
 59.671,
 60.546,
 60.994,
 61.498,
 62.021,
 62.328,
 62.776,
 63.172,
 63.558,
 64.02]